0010001000100000100000100000111111100010000100001000000100001000010001011111111111111111100000011111
0000001000100000100000100000000000000010000100001000000100001000010001000000100001111111101000011000
1111001000100100110000100000111111111110000100001001111100001000011001110000100001111111101001111111
1111001000100100110000100000111111111110000100001001111100001000011001110000100001111111101001111110
0000000000000000000000000000000000000000000000000000000000000000000000000000000000000000000000000000
1111111110111111111111111101111111111111111110111111111111111111111000000000000111111111111111100000
0000000000000000000000000000000000000111111111111111111111111100001111111111111111100000000000111111
1111111111111111000000000000000000001111111111111111111111111100001111100000000000000011111000111111
1111111111111111000000000000000011111111111111111111111111111100001111100000000000000011111000111111
1111111100000000001111111111111111111111111111111111111111111100001111111111110000011111111111111111
1111111100000000000000000000000000000000000000000000000000000000000000000000000000011111111111111111
1111111100000000000000000000000001110000000000000000000000111000000000000000000000011111111111111111
1111111100000011111100001111000001110000000000000000000000111000000000000000000000011111111111111111
1111111100000011111100001111000001110000000000000000000000111000000000000000000000011111111111111111
0000000000000000000000000000000001110000000000000000000000111000001110110110110111111111111111111111
0000000000000000000000000000000001110000000000000000000000111000001110110110110111111111111111111111
1111111111111111111111111111111111111111111111111111111111111000001111111111111111111111111111111111
1111111111111111111111111111111111111111111111111111111111111011111111111111111111111111111111111111
1111111111111111111111111111111111111111111111111111111111111001111111111111111111111111111111111111
1111111111111111111111111111111111111111111111111111111111111000000000000000000000000000000000111111
