00011111110111111111100111111011111111111000011111
11011111110001111111110011110001111111111111011111
11011111111101111001111011111100111111111111011111
11000000000000000000000000000000111111111111011111
11011111111111111111111111111111111111111111011111
11011111111111111111111111111111111111111111011111
00011000000111111111111111111111111111111111000000
11011111110111111111111111111111111111111111111110
11011111110111111111111111111111111111111111111110
11001111110001111111111111111111111111111111111100
11101111111011111111111111111111111111111111111001
00000000000000000000000000000000000000000000000000
11111111111111111111111111111111111111111111111101
11111111111111111111111111111111111110000001111101
11111111111111111111111111111111111111111011111101
00000111111111111111111111111111111111111011111101
01111111111111111111111111111111111111111000000000
00000000000000000000000000000000000000000111111110
11111111111111111111111111111111111111110111111110
11111111111111111111111111111000000000000000000000
