1100000000000000000000000000000000001001101101101011011010110110
1011011010110111011000000000000000000000000000000000110101101100
0000000010110110110110100000000000000000000000000000000011011010
1111111110110101101101010000000000000000000000000000000010110110
0000001010101101000000000000000000000000000000001010110110110110
0011010110110110110100000000000000000000000000000000011011010110
1100100110110110110100000000000000000000000000000000011011010110
1011011010110101101101000000000000000000000000000000000110110110
0000000010110111011011000000000000000000000000000000000101101100
0000000000000000000000000000000000000000000000000000000000000000
1111111111111110000000000000000000000000000000011111111111111111
1111111110101101101000000000000000000000000000000000110110110110
0000001010110110110100000000000000000000000000000000101011011010
0011101101101011011001000000000000000000000000000000000110110110
0101001010110111010000000000000000000000000000000010110101101100
1001010110110110101000000000000000000000000000000001011010110010
0101010110110101000000000000000000000000000000000110110101101101
0101011000000000000000000000000000000000110110110110101101100010
0000000000000000000000000000000001010010110110101101101010110110
1001011011011010110110011011001000000000000000000000000000000000
0101010110101101101011011011010000000000000000000000000000000001
0101011011011011010110110100000000000000000000000000000000010010
1100101011011010100000000000000000000000000000000101100110110110
1011011000000000000000000000000000000000101101101011011010110110
0000000101101101011011000000000000000000000000000000000010110110
1111110110110101101101111011011000000000000000000000000000000000
0000001101101100000000000000000000000000000000010110110010110110
0011011011011010110110000000000000000000000000000000000110110110
0101001011011010110110100000000000000000000000000000000010110110
1001010111011011010110110000000000000000000000000000000000110010
0101101101100000000000000000000000000000000010110110010110110101
0101011011011010110110100000000000000000000000000000000011010010